#  omega_m     hubble      sigma_8     log10(zc)   f_ede       theta_i          Omega_cdm   
1.   0.1200E+00  0.7690E+00  0.8270E+00  0.3381E+01  0.2460E+00  0.9968E-01  0.1549E+00
2.   0.1372E+00  0.8452E+00  0.8397E+00  0.3159E+01  0.3889E+00  0.1196E+01  0.1441E+00
3.   0.1267E+00  0.5881E+00  0.8587E+00  0.3365E+01  0.2063E+00  0.5981E+00  0.3182E+00
4.   0.1244E+00  0.6929E+00  0.8175E+00  0.3476E+01  0.3333E+00  0.2193E+01  0.2112E+00
5.   0.1367E+00  0.7167E+00  0.7032E+00  0.3698E+01  0.1984E+00  0.2642E+01  0.2181E+00
6.   0.1533E+00  0.6595E+00  0.8460E+00  0.3556E+01  0.2778E+00  0.1744E+01  0.3045E+00
7.   0.1283E+00  0.8310E+00  0.7571E+00  0.3032E+01  0.3413E+00  0.3987E+00  0.1379E+00
8.   0.1461E+00  0.8262E+00  0.7127E+00  0.3460E+01  0.7937E-02  0.6978E+00  0.1661E+00
9.   0.1489E+00  0.7643E+00  0.8778E+00  0.3270E+01  0.4524E+00  0.1545E+01  0.2069E+00
10.  0.1233E+00  0.6690E+00  0.7286E+00  0.3905E+01  0.1825E+00  0.2492E+00  0.2275E+00
11.  0.1272E+00  0.7786E+00  0.7000E+00  0.3889E+01  0.3095E+00  0.1097E+01  0.1619E+00
12.  0.1317E+00  0.8167E+00  0.8143E+00  0.3206E+01  0.1746E+00  0.1645E+01  0.1494E+00
13.  0.1211E+00  0.6024E+00  0.8048E+00  0.3063E+01  0.1587E-01  0.1794E+01  0.2858E+00
14.  0.1350E+00  0.5976E+00  0.7508E+00  0.3952E+01  0.2619E+00  0.8473E+00  0.3300E+00
15.  0.1328E+00  0.7595E+00  0.8524E+00  0.3762E+01  0.3492E+00  0.3090E+01  0.1822E+00
16.  0.1300E+00  0.7214E+00  0.7159E+00  0.3254E+01  0.2698E+00  0.2143E+01  0.2018E+00
17.  0.1439E+00  0.7500E+00  0.7190E+00  0.3127E+01  0.4762E+00  0.3489E+00  0.2078E+00
18.  0.1522E+00  0.6452E+00  0.7063E+00  0.3397E+01  0.4048E+00  0.1994E+01  0.3176E+00
19.  0.1389E+00  0.6548E+00  0.8079E+00  0.3651E+01  0.5000E+00  0.7476E+00  0.2760E+00
20.  0.1339E+00  0.5500E+00  0.8238E+00  0.3683E+01  0.4206E+00  0.5483E+00  0.3946E+00
21.  0.1511E+00  0.8405E+00  0.8111E+00  0.3857E+01  0.2143E+00  0.2343E+01  0.1659E+00
22.  0.1456E+00  0.5929E+00  0.8206E+00  0.3286E+01  0.1270E+00  0.2990E+01  0.3661E+00
23.  0.1222E+00  0.6262E+00  0.8651E+00  0.4000E+01  0.3810E+00  0.2492E+01  0.2637E+00
24.  0.1306E+00  0.6643E+00  0.8302E+00  0.3016E+01  0.4444E+00  0.1296E+01  0.2479E+00
25.  0.1472E+00  0.7262E+00  0.8016E+00  0.3571E+01  0.3968E+00  0.0000E+00  0.2312E+00
26.  0.1394E+00  0.6071E+00  0.7317E+00  0.3508E+01  0.4365E+00  0.2841E+01  0.3303E+00
27.  0.1333E+00  0.5786E+00  0.7381E+00  0.3175E+01  0.7143E-01  0.2243E+01  0.3503E+00
28.  0.1406E+00  0.7119E+00  0.8905E+00  0.3921E+01  0.3651E+00  0.1695E+01  0.2293E+00
29.  0.1206E+00  0.7024E+00  0.7444E+00  0.3810E+01  0.4603E+00  0.2941E+01  0.1964E+00
30.  0.1322E+00  0.6167E+00  0.7667E+00  0.3413E+01  0.4683E+00  0.1047E+01  0.2997E+00
31.  0.1256E+00  0.7881E+00  0.7635E+00  0.3222E+01  0.4127E+00  0.2691E+01  0.1542E+00
32.  0.1500E+00  0.5643E+00  0.7254E+00  0.3333E+01  0.3571E+00  0.1246E+01  0.4231E+00
33.  0.1250E+00  0.8357E+00  0.8746E+00  0.3667E+01  0.1429E+00  0.1894E+01  0.1310E+00
34.  0.1494E+00  0.6119E+00  0.8365E+00  0.3778E+01  0.8730E-01  0.4486E+00  0.3511E+00
35.  0.1428E+00  0.7833E+00  0.8333E+00  0.3587E+01  0.3175E-01  0.2093E+01  0.1847E+00
36.  0.1544E+00  0.6976E+00  0.8556E+00  0.3190E+01  0.3968E-01  0.1994E+00  0.2693E+00
37.  0.1344E+00  0.6881E+00  0.7095E+00  0.3079E+01  0.1349E+00  0.1445E+01  0.2360E+00
38.  0.1417E+00  0.8214E+00  0.8619E+00  0.3825E+01  0.4286E+00  0.8971E+00  0.1620E+00
39.  0.1356E+00  0.7929E+00  0.8683E+00  0.3492E+01  0.6349E-01  0.2990E+00  0.1676E+00
40.  0.1278E+00  0.6738E+00  0.7984E+00  0.3429E+01  0.1032E+00  0.3140E+01  0.2334E+00
41.  0.1444E+00  0.7357E+00  0.7698E+00  0.3984E+01  0.5556E-01  0.1844E+01  0.2189E+00
42.  0.1528E+00  0.7738E+00  0.7349E+00  0.3000E+01  0.1190E+00  0.6479E+00  0.2071E+00
43.  0.1294E+00  0.8071E+00  0.7794E+00  0.3714E+01  0.3730E+00  0.1495E+00  0.1507E+00
44.  0.1239E+00  0.5595E+00  0.7889E+00  0.3143E+01  0.2857E+00  0.7975E+00  0.3477E+00
45.  0.1411E+00  0.8500E+00  0.7762E+00  0.3317E+01  0.7937E-01  0.2592E+01  0.1473E+00
46.  0.1361E+00  0.7452E+00  0.7921E+00  0.3349E+01  0.0000E+00  0.2392E+01  0.1971E+00
47.  0.1228E+00  0.7548E+00  0.8937E+00  0.3603E+01  0.9524E-01  0.1146E+01  0.1675E+00
48.  0.1311E+00  0.6500E+00  0.8810E+00  0.3873E+01  0.2381E-01  0.2791E+01  0.2623E+00
49.  0.1450E+00  0.6786E+00  0.8841E+00  0.3746E+01  0.2302E+00  0.9968E+00  0.2669E+00
50.  0.1422E+00  0.6405E+00  0.7476E+00  0.3238E+01  0.1508E+00  0.4984E-01  0.2987E+00
51.  0.1400E+00  0.8024E+00  0.8492E+00  0.3048E+01  0.2381E+00  0.2293E+01  0.1695E+00
52.  0.1539E+00  0.7976E+00  0.7952E+00  0.3937E+01  0.4841E+00  0.1346E+01  0.1939E+00
53.  0.1433E+00  0.5833E+00  0.7857E+00  0.3794E+01  0.3254E+00  0.1495E+01  0.3732E+00
54.  0.1478E+00  0.6214E+00  0.9000E+00  0.3111E+01  0.1905E+00  0.2043E+01  0.3347E+00
55.  0.1517E+00  0.7310E+00  0.8714E+00  0.3095E+01  0.3175E+00  0.2891E+01  0.2359E+00
56.  0.1261E+00  0.6357E+00  0.7222E+00  0.3730E+01  0.4762E-01  0.1595E+01  0.2641E+00
57.  0.1289E+00  0.5738E+00  0.8873E+00  0.3540E+01  0.4921E+00  0.2442E+01  0.3435E+00
58.  0.1467E+00  0.5690E+00  0.8429E+00  0.3968E+01  0.1587E+00  0.2741E+01  0.4049E+00
59.  0.1217E+00  0.7405E+00  0.7540E+00  0.3444E+01  0.2222E+00  0.1396E+01  0.1739E+00
60.  0.1383E+00  0.6833E+00  0.8968E+00  0.3302E+01  0.3016E+00  0.4984E+00  0.2483E+00
61.  0.1506E+00  0.7071E+00  0.7825E+00  0.3524E+01  0.1667E+00  0.9470E+00  0.2531E+00
62.  0.1483E+00  0.8119E+00  0.7413E+00  0.3635E+01  0.2937E+00  0.2542E+01  0.1770E+00
63.  0.1378E+00  0.5548E+00  0.7603E+00  0.3841E+01  0.1111E+00  0.1944E+01  0.3997E+00
64.  0.1550E+00  0.6310E+00  0.7730E+00  0.3619E+01  0.2540E+00  0.3040E+01  0.3413E+00
